1900,1905,0,0
1905,1906,0,0
1906,1907,0,0
1907,1908,0,0
1908,1909,0,0
1909,1910,0,0
1910,1911,0,0
1911,1912,0,0
1912,1913,0,0
1913,1914,0,0
1914,1915,0,1
1915,1916,0,1
1916,1917,0,14
1917,1918,0,0
1918,1919,0,14
1919,1920,0,9
1920,1921,0,100
1920,1921,100,26
1921,1922,0,97
1922,1923,0,100
1922,1923,100,100
1922,1923,200,16
1923,1924,0,100
1923,1924,100,7
1924,1925,0,100
1924,1925,100,17
1925,1926,0,100
1925,1926,100,26
1925,1926,126,0
1926,1927,0,100
1926,1927,100,26
1926,1927,126,0
1927,1928,0,100
1927,1928,100,40
1928,1929,0,92
1929,1930,0,100
1929,1930,100,26
1930,1931,0,100
1930,1931,100,38
1931,1932,0,100
1931,1932,100,97
1931,1932,197,0
1932,1933,0,100
1932,1933,100,48
1933,1934,0,100
1933,1934,100,22
1934,1935,0,67
1934,1935,67,0
1935,1936,0,97
1935,1936,97,0
1936,1937,0,100
1936,1937,100,89
1937,1938,0,100
1937,1938,100,24
1938,1939,0,100
1938,1939,100,41
1939,1940,0,100
1939,1940,100,65
1940,1941,0,100
1940,1941,100,15
1941,1942,0,100
1941,1942,100,96
1941,1942,196,0
1942,1943,0,100
1942,1943,100,100
1942,1943,200,100
1942,1943,300,86
1943,1944,0,100
1943,1944,100,100
1943,1944,200,100
1943,1944,300,42
1943,1944,342,0
1944,1945,0,100
1944,1945,100,100
1944,1945,200,100
1944,1945,300,100
1944,1945,400,21
1945,1946,0,100
1945,1946,100,100
1945,1946,200,100
1945,1946,300,55
1946,1947,0,100
1946,1947,100,100
1946,1947,200,100
1946,1947,300,59
1947,1948,0,100
1947,1948,100,100
1947,1948,200,100
1947,1948,300,100
1947,1948,400,100
1947,1948,500,100
1947,1948,600,100
1947,1948,700,46
1947,1948,746,0
1947,1948,746,0
1948,1949,0,100
1948,1949,100,100
1948,1949,200,100
1948,1949,300,100
1948,1949,400,100
1948,1949,500,100
1948,1949,600,100
1948,1949,700,100
1948,1949,800,100
1948,1949,900,15
1949,1950,0,100
1949,1950,100,100
1949,1950,200,100
1949,1950,300,100
1949,1950,400,100
1949,1950,500,100
1949,1950,600,54
1950,1951,0,100
1950,1951,100,100
1950,1951,200,100
1950,1951,300,100
1950,1951,400,100
1950,1951,500,100
1950,1951,600,100
1950,1951,700,58
1951,1952,0,100
1951,1952,100,100
1951,1952,200,100
1951,1952,300,100
1951,1952,400,100
1951,1952,500,100
1951,1952,600,100
1951,1952,700,100
1951,1952,800,1
1952,1953,0,100
1952,1953,100,100
1952,1953,200,100
1952,1953,300,100
1952,1953,400,100
1952,1953,500,100
1952,1953,600,100
1952,1953,700,100
1952,1953,800,100
1952,1953,900,0
1953,1954,0,100
1953,1954,100,100
1953,1954,200,100
1953,1954,300,100
1953,1954,400,100
1953,1954,500,100
1953,1954,600,100
1953,1954,700,100
1953,1954,800,100
1953,1954,900,100
1953,1954,1000,4
1954,1955,0,100
1954,1955,100,100
1954,1955,200,100
1954,1955,300,100
1954,1955,400,100
1954,1955,500,100
1954,1955,600,100
1954,1955,700,100
1954,1955,800,100
1954,1955,900,21
1955,1956,0,100
1955,1956,100,100
1955,1956,200,100
1955,1956,300,100
1955,1956,400,100
1955,1956,500,100
1955,1956,600,100
1955,1956,700,100
1955,1956,800,100
1955,1956,900,3
1956,1957,0,100
1956,1957,100,100
1956,1957,200,100
1956,1957,300,100
1956,1957,400,100
1956,1957,500,100
1956,1957,600,100
1956,1957,700,100
1956,1957,800,51
1957,1958,0,100
1957,1958,100,100
1957,1958,200,100
1957,1958,300,100
1957,1958,400,100
1957,1958,500,100
1957,1958,600,100
1957,1958,700,100
1957,1958,800,100
1957,1958,900,3
1957,1958,903,0
1958,1959,0,100
1958,1959,100,100
1958,1959,200,100
1958,1959,300,100
1958,1959,400,100
1958,1959,500,100
1958,1959,600,100
1958,1959,700,100
1958,1959,800,88
1959,1960,0,100
1959,1960,100,100
1959,1960,200,100
1959,1960,300,100
1959,1960,400,100
1959,1960,500,100
1959,1960,600,100
1959,1960,700,35
1960,1961,0,100
1960,1961,100,100
1960,1961,200,100
1960,1961,300,100
1960,1961,400,100
1960,1961,500,100
1960,1961,600,100
1960,1961,700,100
1960,1961,800,84
1961,1962,0,100
1961,1962,100,100
1961,1962,200,100
1961,1962,300,100
1961,1962,400,100
1961,1962,500,100
1961,1962,600,100
1961,1962,700,100
1961,1962,800,100
1961,1962,900,100
1961,1962,1000,100
1961,1962,1100,100
1961,1962,1200,100
1961,1962,1300,100
1961,1962,1400,100
1961,1962,1500,100
1961,1962,1600,100
1961,1962,1700,100
1961,1962,1800,39
1962,1963,0,100
1962,1963,100,100
1962,1963,200,100
1962,1963,300,100
1962,1963,400,100
1962,1963,500,100
1962,1963,600,100
1962,1963,700,100
1962,1963,800,100
1962,1963,900,100
1962,1963,1000,100
1962,1963,1100,100
1962,1963,1200,100
1962,1963,1300,100
1962,1963,1400,100
1962,1963,1500,100
1962,1963,1600,48
1963,1964,0,100
1963,1964,100,100
1963,1964,200,100
1963,1964,300,100
1963,1964,400,100
1963,1964,500,100
1963,1964,600,100
1963,1964,700,100
1963,1964,800,100
1963,1964,900,100
1963,1964,1000,100
1963,1964,1100,100
1963,1964,1200,100
1963,1964,1300,100
1963,1964,1400,100
1963,1964,1500,100
1963,1964,1600,100
1963,1964,1700,100
1963,1964,1800,100
1963,1964,1900,100
1963,1964,2000,100
1963,1964,2100,100
1963,1964,2200,100
1963,1964,2300,100
1963,1964,2400,100
1963,1964,2500,100
1963,1964,2600,100
1963,1964,2700,100
1963,1964,2800,100
1963,1964,2900,100
1963,1964,3000,100
1963,1964,3100,100
1963,1964,3200,100
1963,1964,3300,100
1963,1964,3400,100
1963,1964,3500,100
1963,1964,3600,37
1964,1965,0,100
1964,1965,100,100
1964,1965,200,100
1964,1965,300,100
1964,1965,400,100
1964,1965,500,100
1964,1965,600,100
1964,1965,700,100
1964,1965,800,100
1964,1965,900,100
1964,1965,1000,100
1964,1965,1100,100
1964,1965,1200,100
1964,1965,1300,100
1964,1965,1400,100
1964,1965,1500,100
1964,1965,1600,100
1964,1965,1700,100
1964,1965,1800,100
1964,1965,1900,100
1964,1965,2000,100
1964,1965,2100,100
1964,1965,2200,100
1964,1965,2300,100
1964,1965,2400,100
1964,1965,2500,100
1964,1965,2600,100
1964,1965,2700,100
1964,1965,2800,100
1964,1965,2900,100
1964,1965,3000,100
1964,1965,3100,100
1964,1965,3200,100
1964,1965,3300,100
1964,1965,3400,100
1964,1965,3500,100
1964,1965,3600,100
1964,1965,3700,100
1964,1965,3800,100
1964,1965,3900,100
1964,1965,4000,100
1964,1965,4100,100
1964,1965,4200,100
1964,1965,4300,100
1964,1965,4400,100
1964,1965,4500,100
1964,1965,4600,100
1964,1965,4700,100
1964,1965,4800,100
1964,1965,4900,100
1964,1965,5000,100
1964,1965,5100,100
1964,1965,5200,100
1964,1965,5300,100
1964,1965,5400,100
1964,1965,5500,100
1964,1965,5600,100
1964,1965,5700,100
1964,1965,5800,100
1964,1965,5900,100
1964,1965,6000,100
1964,1965,6100,100
1964,1965,6200,100
1964,1965,6300,100
1964,1965,6400,100
1964,1965,6500,100
1964,1965,6600,100
1964,1965,6700,100
1964,1965,6800,100
1964,1965,6900,100
1964,1965,7000,100
1964,1965,7100,100
1964,1965,7200,100
1964,1965,7300,100
1964,1965,7400,100
1964,1965,7500,100
1964,1965,7600,100
1964,1965,7700,100
1964,1965,7800,100
1964,1965,7900,11
1965,1966,0,100
1965,1966,100,100
1965,1966,200,100
1965,1966,300,100
1965,1966,400,100
1965,1966,500,100
1965,1966,600,100
1965,1966,700,100
1965,1966,800,100
1965,1966,900,100
1965,1966,1000,100
1965,1966,1100,100
1965,1966,1200,100
1965,1966,1300,100
1965,1966,1400,100
1965,1966,1500,100
1965,1966,1600,100
1965,1966,1700,100
1965,1966,1800,100
1965,1966,1900,100
1965,1966,2000,100
1965,1966,2100,100
1965,1966,2200,100
1965,1966,2300,100
1965,1966,2400,100
1965,1966,2500,100
1965,1966,2600,100
1965,1966,2700,100
1965,1966,2800,100
1965,1966,2900,100
1965,1966,3000,100
1965,1966,3100,100
1965,1966,3200,100
1965,1966,3300,100
1965,1966,3400,100
1965,1966,3500,100
1965,1966,3600,100
1965,1966,3700,100
1965,1966,3800,100
1965,1966,3900,100
1965,1966,4000,100
1965,1966,4100,100
1965,1966,4200,100
1965,1966,4300,100
1965,1966,4400,100
1965,1966,4500,100
1965,1966,4600,100
1965,1966,4700,100
1965,1966,4800,100
1965,1966,4900,100
1965,1966,5000,100
1965,1966,5100,100
1965,1966,5200,100
1965,1966,5300,100
1965,1966,5400,100
1965,1966,5500,100
1965,1966,5600,100
1965,1966,5700,100
1965,1966,5800,100
1965,1966,5900,100
1965,1966,6000,100
1965,1966,6100,100
1965,1966,6200,100
1965,1966,6300,100
1965,1966,6400,100
1965,1966,6500,100
1965,1966,6600,100
1965,1966,6700,100
1965,1966,6800,100
1965,1966,6900,100
1965,1966,7000,100
1965,1966,7100,100
1965,1966,7200,100
1965,1966,7300,100
1965,1966,7400,100
1965,1966,7500,100
1965,1966,7600,100
1965,1966,7700,100
1965,1966,7800,100
1965,1966,7900,100
1965,1966,8000,100
1965,1966,8100,100
1965,1966,8200,100
1965,1966,8300,100
1965,1966,8400,100
1965,1966,8500,100
1965,1966,8600,100
1965,1966,8700,100
1965,1966,8800,100
1965,1966,8900,100
1965,1966,9000,100
1965,1966,9100,100
1965,1966,9200,100
1965,1966,9300,100
1965,1966,9400,6
1966,1967,0,100
1966,1967,100,100
1966,1967,200,100
1966,1967,300,100
1966,1967,400,100
1966,1967,500,100
1966,1967,600,100
1966,1967,700,100
1966,1967,800,100
1966,1967,900,100
1966,1967,1000,100
1966,1967,1100,100
1966,1967,1200,100
1966,1967,1300,100
1966,1967,1400,100
1966,1967,1500,100
1966,1967,1600,100
1966,1967,1700,100
1966,1967,1800,100
1966,1967,1900,100
1966,1967,2000,100
1966,1967,2100,100
1966,1967,2200,100
1966,1967,2300,100
1966,1967,2400,100
1966,1967,2500,100
1966,1967,2600,100
1966,1967,2700,100
1966,1967,2800,100
1966,1967,2900,100
1966,1967,3000,100
1966,1967,3100,100
1966,1967,3200,100
1966,1967,3300,100
1966,1967,3400,100
1966,1967,3500,100
1966,1967,3600,100
1966,1967,3700,100
1966,1967,3800,100
1966,1967,3900,100
1966,1967,4000,100
1966,1967,4100,100
1966,1967,4200,100
1966,1967,4300,100
1966,1967,4400,100
1966,1967,4500,100
1966,1967,4600,100
1966,1967,4700,100
1966,1967,4800,100
1966,1967,4900,100
1966,1967,5000,100
1966,1967,5100,100
1966,1967,5200,100
1966,1967,5300,100
1966,1967,5400,100
1966,1967,5500,100
1966,1967,5600,100
1966,1967,5700,100
1966,1967,5800,100
1966,1967,5900,100
1966,1967,6000,100
1966,1967,6100,100
1966,1967,6200,100
1966,1967,6300,100
1966,1967,6400,100
1966,1967,6500,100
1966,1967,6600,100
1966,1967,6700,100
1966,1967,6800,100
1966,1967,6900,100
1966,1967,7000,100
1966,1967,7100,100
1966,1967,7200,100
1966,1967,7300,100
1966,1967,7400,100
1966,1967,7500,100
1966,1967,7600,100
1966,1967,7700,100
1966,1967,7800,100
1966,1967,7900,100
1966,1967,8000,100
1966,1967,8100,100
1966,1967,8200,100
1966,1967,8300,100
1966,1967,8400,100
1966,1967,8500,100
1966,1967,8600,100
1966,1967,8700,100
1966,1967,8800,100
1966,1967,8900,100
1966,1967,9000,100
1966,1967,9100,100
1966,1967,9200,100
1966,1967,9300,100
1966,1967,9400,100
1966,1967,9500,100
1966,1967,9600,100
1966,1967,9700,100
1966,1967,9800,100
1966,1967,9900,100
1967,1968,0,100
1967,1968,100,100
1967,1968,200,100
1967,1968,300,100
1967,1968,400,100
1967,1968,500,100
1967,1968,600,100
1967,1968,700,100
1967,1968,800,100
1967,1968,900,100
1967,1968,1000,100
1967,1968,1100,100
1967,1968,1200,100
1967,1968,1300,100
1967,1968,1400,100
1967,1968,1500,100
1967,1968,1600,100
1967,1968,1700,100
1967,1968,1800,100
1967,1968,1900,100
1967,1968,2000,100
1967,1968,2100,100
1967,1968,2200,100
1967,1968,2300,100
1967,1968,2400,100
1967,1968,2500,100
1967,1968,2600,100
1967,1968,2700,100
1967,1968,2800,100
1967,1968,2900,100
1967,1968,3000,100
1967,1968,3100,100
1967,1968,3200,100
1967,1968,3300,100
1967,1968,3400,100
1967,1968,3500,100
1967,1968,3600,100
1967,1968,3700,100
1967,1968,3800,100
1967,1968,3900,100
1967,1968,4000,100
1967,1968,4100,100
1967,1968,4200,100
1967,1968,4300,100
1967,1968,4400,100
1967,1968,4500,100
1967,1968,4600,100
1967,1968,4700,100
1967,1968,4800,100
1967,1968,4900,100
1967,1968,5000,100
1967,1968,5100,100
1967,1968,5200,100
1967,1968,5300,100
1967,1968,5400,100
1967,1968,5500,100
1967,1968,5600,100
1967,1968,5700,100
1967,1968,5800,100
1967,1968,5900,100
1967,1968,6000,100
1967,1968,6100,100
1967,1968,6200,100
1967,1968,6300,100
1967,1968,6400,100
1967,1968,6500,100
1967,1968,6600,100
1967,1968,6700,100
1967,1968,6800,100
1967,1968,6900,100
1967,1968,7000,100
1967,1968,7100,100
1967,1968,7200,100
1967,1968,7300,100
1967,1968,7400,100
1967,1968,7500,100
1967,1968,7600,100
1967,1968,7700,100
1967,1968,7800,100
1967,1968,7900,100
1967,1968,8000,100
1967,1968,8100,100
1967,1968,8200,100
1967,1968,8300,100
1967,1968,8400,100
1967,1968,8500,100
1967,1968,8600,100
1967,1968,8700,100
1967,1968,8800,100
1967,1968,8900,100
1967,1968,9000,100
1967,1968,9100,100
1967,1968,9200,100
1967,1968,9300,100
1967,1968,9400,100
1967,1968,9500,100
1967,1968,9600,100
1967,1968,9700,100
1967,1968,9800,100
1967,1968,9900,100
1968,1969,0,100
1968,1969,100,100
1968,1969,200,100
1968,1969,300,100
1968,1969,400,100
1968,1969,500,100
1968,1969,600,100
1968,1969,700,100
1968,1969,800,100
1968,1969,900,100
1968,1969,1000,100
1968,1969,1100,100
1968,1969,1200,100
1968,1969,1300,100
1968,1969,1400,100
1968,1969,1500,100
1968,1969,1600,100
1968,1969,1700,100
1968,1969,1800,100
1968,1969,1900,100
1968,1969,2000,100
1968,1969,2100,100
1968,1969,2200,100
1968,1969,2300,100
1968,1969,2400,100
1968,1969,2500,100
1968,1969,2600,100
1968,1969,2700,100
1968,1969,2800,100
1968,1969,2900,100
1968,1969,3000,100
1968,1969,3100,100
1968,1969,3200,100
1968,1969,3300,100
1968,1969,3400,100
1968,1969,3500,100
1968,1969,3600,100
1968,1969,3700,100
1968,1969,3800,100
1968,1969,3900,100
1968,1969,4000,100
1968,1969,4100,100
1968,1969,4200,100
1968,1969,4300,100
1968,1969,4400,100
1968,1969,4500,100
1968,1969,4600,100
1968,1969,4700,100
1968,1969,4800,100
1968,1969,4900,100
1968,1969,5000,100
1968,1969,5100,100
1968,1969,5200,100
1968,1969,5300,100
1968,1969,5400,100
1968,1969,5500,100
1968,1969,5600,100
1968,1969,5700,100
1968,1969,5800,100
1968,1969,5900,100
1968,1969,6000,100
1968,1969,6100,100
1968,1969,6200,100
1968,1969,6300,100
1968,1969,6400,100
1968,1969,6500,100
1968,1969,6600,100
1968,1969,6700,100
1968,1969,6800,100
1968,1969,6900,100
1968,1969,7000,100
1968,1969,7100,100
1968,1969,7200,100
1968,1969,7300,100
1968,1969,7400,100
1968,1969,7500,100
1968,1969,7600,100
1968,1969,7700,100
1968,1969,7800,100
1968,1969,7900,100
1968,1969,8000,100
1968,1969,8100,100
1968,1969,8200,100
1968,1969,8300,100
1968,1969,8400,100
1968,1969,8500,100
1968,1969,8600,88
1969,1970,0,100
1969,1970,100,100
1969,1970,200,100
1969,1970,300,100
1969,1970,400,100
1969,1970,500,100
1969,1970,600,100
1969,1970,700,100
1969,1970,800,100
1969,1970,900,100
1969,1970,1000,100
1969,1970,1100,100
1969,1970,1200,100
1969,1970,1300,100
1969,1970,1400,100
1969,1970,1500,100
1969,1970,1600,100
1969,1970,1700,100
1969,1970,1800,100
1969,1970,1900,100
1969,1970,2000,100
1969,1970,2100,100
1969,1970,2200,100
1969,1970,2300,100
1969,1970,2400,100
1969,1970,2500,100
1969,1970,2600,100
1969,1970,2700,100
1969,1970,2800,100
1969,1970,2900,100
1969,1970,3000,100
1969,1970,3100,100
1969,1970,3200,100
1969,1970,3300,100
1969,1970,3400,100
1969,1970,3500,100
1969,1970,3600,100
1969,1970,3700,100
1969,1970,3800,100
1969,1970,3900,100
1969,1970,4000,100
1969,1970,4100,100
1969,1970,4200,100
1969,1970,4300,100
1969,1970,4400,100
1969,1970,4500,100
1969,1970,4600,100
1969,1970,4700,100
1969,1970,4800,100
1969,1970,4900,100
1969,1970,5000,100
1969,1970,5100,100
1969,1970,5200,100
1969,1970,5300,100
1969,1970,5400,100
1969,1970,5500,100
1969,1970,5600,100
1969,1970,5700,100
1969,1970,5800,100
1969,1970,5900,100
1969,1970,6000,100
1969,1970,6100,100
1969,1970,6200,100
1969,1970,6300,100
1969,1970,6400,100
1969,1970,6500,100
1969,1970,6600,100
1969,1970,6700,100
1969,1970,6800,100
1969,1970,6900,100
1969,1970,7000,100
1969,1970,7100,100
1969,1970,7200,100
1969,1970,7300,100
1969,1970,7400,100
1969,1970,7500,100
1969,1970,7600,100
1969,1970,7700,100
1969,1970,7800,100
1969,1970,7900,100
1969,1970,8000,100
1969,1970,8100,100
1969,1970,8200,100
1969,1970,8300,100
1969,1970,8400,100
1969,1970,8500,100
1969,1970,8600,100
1969,1970,8700,100
1969,1970,8800,100
1969,1970,8900,100
1969,1970,9000,100
1969,1970,9100,100
1969,1970,9200,100
1969,1970,9300,100
1969,1970,9400,100
1969,1970,9500,100
1969,1970,9600,100
1969,1970,9700,100
1969,1970,9800,100
1969,1970,9900,100
1970,1971,0,100
1970,1971,100,100
1970,1971,200,100
1970,1971,300,100
1970,1971,400,100
1970,1971,500,100
1970,1971,600,100
1970,1971,700,100
1970,1971,800,100
1970,1971,900,100
1970,1971,1000,100
1970,1971,1100,100
1970,1971,1200,100
1970,1971,1300,100
1970,1971,1400,100
1970,1971,1500,100
1970,1971,1600,100
1970,1971,1700,100
1970,1971,1800,100
1970,1971,1900,100
1970,1971,2000,100
1970,1971,2100,100
1970,1971,2200,100
1970,1971,2300,100
1970,1971,2400,100
1970,1971,2500,100
1970,1971,2600,100
1970,1971,2700,100
1970,1971,2800,100
1970,1971,2900,100
1970,1971,3000,100
1970,1971,3100,100
1970,1971,3200,100
1970,1971,3300,100
1970,1971,3400,100
1970,1971,3500,100
1970,1971,3600,100
1970,1971,3700,100
1970,1971,3800,100
1970,1971,3900,100
1970,1971,4000,100
1970,1971,4100,100
1970,1971,4200,100
1970,1971,4300,100
1970,1971,4400,100
1970,1971,4500,100
1970,1971,4600,100
1970,1971,4700,100
1970,1971,4800,100
1970,1971,4900,100
1970,1971,5000,100
1970,1971,5100,100
1970,1971,5200,100
1970,1971,5300,100
1970,1971,5400,100
1970,1971,5500,100
1970,1971,5600,100
1970,1971,5700,100
1970,1971,5800,100
1970,1971,5900,100
1970,1971,6000,100
1970,1971,6100,100
1970,1971,6200,100
1970,1971,6300,100
1970,1971,6400,100
1970,1971,6500,100
1970,1971,6600,100
1970,1971,6700,100
1970,1971,6800,100
1970,1971,6900,100
1970,1971,7000,100
1970,1971,7100,100
1970,1971,7200,100
1970,1971,7300,100
1970,1971,7400,100
1970,1971,7500,100
1970,1971,7600,100
1970,1971,7700,100
1970,1971,7800,100
1970,1971,7900,100
1970,1971,8000,100
1970,1971,8100,100
1970,1971,8200,100
1970,1971,8300,100
1970,1971,8400,100
1970,1971,8500,100
1970,1971,8600,100
1970,1971,8700,100
1970,1971,8800,100
1970,1971,8900,100
1970,1971,9000,100
1970,1971,9100,100
1970,1971,9200,100
1970,1971,9300,100
1970,1971,9400,100
1970,1971,9500,100
1970,1971,9600,100
1970,1971,9700,100
1970,1971,9800,100
1970,1971,9900,100
1971,1972,0,100
1971,1972,100,100
1971,1972,200,100
1971,1972,300,100
1971,1972,400,100
1971,1972,500,100
1971,1972,600,100
1971,1972,700,100
1971,1972,800,100
1971,1972,900,100
1971,1972,1000,100
1971,1972,1100,100
1971,1972,1200,100
1971,1972,1300,100
1971,1972,1400,100
1971,1972,1500,100
1971,1972,1600,100
1971,1972,1700,100
1971,1972,1800,100
1971,1972,1900,100
1971,1972,2000,100
1971,1972,2100,100
1971,1972,2200,100
1971,1972,2300,100
1971,1972,2400,100
1971,1972,2500,100
1971,1972,2600,100
1971,1972,2700,100
1971,1972,2800,100
1971,1972,2900,100
1971,1972,3000,100
1971,1972,3100,100
1971,1972,3200,100
1971,1972,3300,100
1971,1972,3400,100
1971,1972,3500,100
1971,1972,3600,100
1971,1972,3700,100
1971,1972,3800,100
1971,1972,3900,100
1971,1972,4000,100
1971,1972,4100,100
1971,1972,4200,100
1971,1972,4300,100
1971,1972,4400,100
1971,1972,4500,100
1971,1972,4600,100
1971,1972,4700,100
1971,1972,4800,100
1971,1972,4900,100
1971,1972,5000,100
1971,1972,5100,100
1971,1972,5200,100
1971,1972,5300,100
1971,1972,5400,100
1971,1972,5500,100
1971,1972,5600,100
1971,1972,5700,100
1971,1972,5800,100
1971,1972,5900,100
1971,1972,6000,100
1971,1972,6100,100
1971,1972,6200,100
1971,1972,6300,100
1971,1972,6400,100
1971,1972,6500,100
1971,1972,6600,100
1971,1972,6700,100
1971,1972,6800,100
1971,1972,6900,100
1971,1972,7000,100
1971,1972,7100,100
1971,1972,7200,100
1971,1972,7300,100
1971,1972,7400,100
1971,1972,7500,100
1971,1972,7600,100
1971,1972,7700,100
1971,1972,7800,100
1971,1972,7900,100
1971,1972,8000,100
1971,1972,8100,100
1971,1972,8200,100
1971,1972,8300,100
1971,1972,8400,100
1971,1972,8500,100
1971,1972,8600,100
1971,1972,8700,100
1971,1972,8800,100
1971,1972,8900,100
1971,1972,9000,100
1971,1972,9100,100
1971,1972,9200,100
1971,1972,9300,100
1971,1972,9400,100
1971,1972,9500,100
1971,1972,9600,100
1971,1972,9700,100
1971,1972,9800,100
1971,1972,9900,100
1972,1973,0,100
1972,1973,100,100
1972,1973,200,100
1972,1973,300,100
1972,1973,400,100
1972,1973,500,100
1972,1973,600,100
1972,1973,700,100
1972,1973,800,100
1972,1973,900,100
1972,1973,1000,100
1972,1973,1100,100
1972,1973,1200,100
1972,1973,1300,100
1972,1973,1400,100
1972,1973,1500,100
1972,1973,1600,100
1972,1973,1700,100
1972,1973,1800,100
1972,1973,1900,100
1972,1973,2000,100
1972,1973,2100,100
1972,1973,2200,100
1972,1973,2300,100
1972,1973,2400,100
1972,1973,2500,100
1972,1973,2600,100
1972,1973,2700,100
1972,1973,2800,100
1972,1973,2900,100
1972,1973,3000,100
1972,1973,3100,100
1972,1973,3200,100
1972,1973,3300,100
1972,1973,3400,100
1972,1973,3500,100
1972,1973,3600,100
1972,1973,3700,100
1972,1973,3800,100
1972,1973,3900,100
1972,1973,4000,100
1972,1973,4100,100
1972,1973,4200,100
1972,1973,4300,100
1972,1973,4400,100
1972,1973,4500,100
1972,1973,4600,100
1972,1973,4700,100
1972,1973,4800,100
1972,1973,4900,100
1972,1973,5000,100
1972,1973,5100,100
1972,1973,5200,100
1972,1973,5300,100
1972,1973,5400,100
1972,1973,5500,100
1972,1973,5600,100
1972,1973,5700,100
1972,1973,5800,100
1972,1973,5900,100
1972,1973,6000,100
1972,1973,6100,100
1972,1973,6200,100
1972,1973,6300,100
1972,1973,6400,100
1972,1973,6500,100
1972,1973,6600,100
1972,1973,6700,100
1972,1973,6800,100
1972,1973,6900,100
1972,1973,7000,100
1972,1973,7100,100
1972,1973,7200,100
1972,1973,7300,100
1972,1973,7400,100
1972,1973,7500,100
1972,1973,7600,100
1972,1973,7700,100
1972,1973,7800,100
1972,1973,7900,100
1972,1973,8000,100
1972,1973,8100,100
1972,1973,8200,100
1972,1973,8300,100
1972,1973,8400,100
1972,1973,8500,100
1972,1973,8600,100
1972,1973,8700,100
1972,1973,8800,100
1972,1973,8900,100
1972,1973,9000,100
1972,1973,9100,100
1972,1973,9200,100
1972,1973,9300,100
1972,1973,9400,100
1972,1973,9500,100
1972,1973,9600,100
1972,1973,9700,100
1972,1973,9800,100
1972,1973,9900,100
1973,1974,0,100
1973,1974,100,100
1973,1974,200,100
1973,1974,300,100
1973,1974,400,100
1973,1974,500,100
1973,1974,600,100
1973,1974,700,100
1973,1974,800,100
1973,1974,900,100
1973,1974,1000,100
1973,1974,1100,100
1973,1974,1200,100
1973,1974,1300,100
1973,1974,1400,100
1973,1974,1500,100
1973,1974,1600,100
1973,1974,1700,100
1973,1974,1800,100
1973,1974,1900,100
1973,1974,2000,100
1973,1974,2100,100
1973,1974,2200,100
1973,1974,2300,100
1973,1974,2400,100
1973,1974,2500,100
1973,1974,2600,100
1973,1974,2700,100
1973,1974,2800,100
1973,1974,2900,100
1973,1974,3000,100
1973,1974,3100,100
1973,1974,3200,100
1973,1974,3300,100
1973,1974,3400,100
1973,1974,3500,100
1973,1974,3600,100
1973,1974,3700,100
1973,1974,3800,100
1973,1974,3900,100
1973,1974,4000,100
1973,1974,4100,100
1973,1974,4200,100
1973,1974,4300,100
1973,1974,4400,100
1973,1974,4500,100
1973,1974,4600,100
1973,1974,4700,100
1973,1974,4800,100
1973,1974,4900,100
1973,1974,5000,100
1973,1974,5100,100
1973,1974,5200,100
1973,1974,5300,100
1973,1974,5400,100
1973,1974,5500,100
1973,1974,5600,100
1973,1974,5700,100
1973,1974,5800,100
1973,1974,5900,100
1973,1974,6000,100
1973,1974,6100,100
1973,1974,6200,100
1973,1974,6300,100
1973,1974,6400,100
1973,1974,6500,100
1973,1974,6600,100
1973,1974,6700,100
1973,1974,6800,100
1973,1974,6900,100
1973,1974,7000,100
1973,1974,7100,100
1973,1974,7200,100
1973,1974,7300,100
1973,1974,7400,100
1973,1974,7500,100
1973,1974,7600,100
1973,1974,7700,100
1973,1974,7800,100
1973,1974,7900,100
1973,1974,8000,100
1973,1974,8100,100
1973,1974,8200,100
1973,1974,8300,100
1973,1974,8400,100
1973,1974,8500,100
1973,1974,8600,100
1973,1974,8700,100
1973,1974,8800,31
1973,1974,8831,0
1974,1975,0,100
1974,1975,100,100
1974,1975,200,100
1974,1975,300,100
1974,1975,400,100
1974,1975,500,100
1974,1975,600,100
1974,1975,700,100
1974,1975,800,100
1974,1975,900,100
1974,1975,1000,100
1974,1975,1100,100
1974,1975,1200,100
1974,1975,1300,100
1974,1975,1400,100
1974,1975,1500,100
1974,1975,1600,100
1974,1975,1700,100
1974,1975,1800,100
1974,1975,1900,100
1974,1975,2000,100
1974,1975,2100,100
1974,1975,2200,100
1974,1975,2300,100
1974,1975,2400,100
1974,1975,2500,100
1974,1975,2600,100
1974,1975,2700,100
1974,1975,2800,100
1974,1975,2900,100
1974,1975,3000,100
1974,1975,3100,100
1974,1975,3200,100
1974,1975,3300,100
1974,1975,3400,100
1974,1975,3500,100
1974,1975,3600,100
1974,1975,3700,100
1974,1975,3800,100
1974,1975,3900,100
1974,1975,4000,100
1974,1975,4100,100
1974,1975,4200,100
1974,1975,4300,100
1974,1975,4400,100
1974,1975,4500,100
1974,1975,4600,100
1974,1975,4700,100
1974,1975,4800,100
1974,1975,4900,100
1974,1975,5000,100
1974,1975,5100,100
1974,1975,5200,100
1974,1975,5300,100
1974,1975,5400,100
1974,1975,5500,100
1974,1975,5600,100
1974,1975,5700,100
1974,1975,5800,100
1974,1975,5900,100
1974,1975,6000,100
1974,1975,6100,100
1974,1975,6200,100
1974,1975,6300,100
1974,1975,6400,100
1974,1975,6500,100
1974,1975,6600,100
1974,1975,6700,100
1974,1975,6800,100
1974,1975,6900,100
1974,1975,7000,100
1974,1975,7100,100
1974,1975,7200,100
1974,1975,7300,100
1974,1975,7400,100
1974,1975,7500,100
1974,1975,7600,100
1974,1975,7700,100
1974,1975,7800,100
1974,1975,7900,100
1974,1975,8000,100
1974,1975,8100,100
1974,1975,8200,100
1974,1975,8300,100
1974,1975,8400,100
1974,1975,8500,100
1974,1975,8600,100
1974,1975,8700,100
1974,1975,8800,100
1974,1975,8900,100
1974,1975,9000,100
1974,1975,9100,100
1974,1975,9200,100
1974,1975,9300,100
1974,1975,9400,100
1974,1975,9500,100
1974,1975,9600,100
1974,1975,9700,100
1974,1975,9800,100
1974,1975,9900,100
1975,1976,0,100
1975,1976,100,100
1975,1976,200,100
1975,1976,300,100
1975,1976,400,100
1975,1976,500,100
1975,1976,600,100
1975,1976,700,100
1975,1976,800,100
1975,1976,900,100
1975,1976,1000,100
1975,1976,1100,100
1975,1976,1200,100
1975,1976,1300,100
1975,1976,1400,100
1975,1976,1500,100
1975,1976,1600,100
1975,1976,1700,100
1975,1976,1800,100
1975,1976,1900,100
1975,1976,2000,100
1975,1976,2100,100
1975,1976,2200,100
1975,1976,2300,100
1975,1976,2400,100
1975,1976,2500,100
1975,1976,2600,100
1975,1976,2700,100
1975,1976,2800,100
1975,1976,2900,100
1975,1976,3000,100
1975,1976,3100,100
1975,1976,3200,100
1975,1976,3300,100
1975,1976,3400,100
1975,1976,3500,100
1975,1976,3600,100
1975,1976,3700,100
1975,1976,3800,100
1975,1976,3900,100
1975,1976,4000,100
1975,1976,4100,100
1975,1976,4200,100
1975,1976,4300,100
1975,1976,4400,100
1975,1976,4500,100
1975,1976,4600,100
1975,1976,4700,100
1975,1976,4800,100
1975,1976,4900,100
1975,1976,5000,100
1975,1976,5100,100
1975,1976,5200,100
1975,1976,5300,100
1975,1976,5400,100
1975,1976,5500,100
1975,1976,5600,100
1975,1976,5700,100
1975,1976,5800,100
1975,1976,5900,100
1975,1976,6000,100
1975,1976,6100,100
1975,1976,6200,100
1975,1976,6300,100
1975,1976,6400,100
1975,1976,6500,100
1975,1976,6600,100
1975,1976,6700,100
1975,1976,6800,100
1975,1976,6900,100
1975,1976,7000,100
1975,1976,7100,100
1975,1976,7200,100
1975,1976,7300,100
1975,1976,7400,100
1975,1976,7500,100
1975,1976,7600,100
1975,1976,7700,100
1975,1976,7800,100
1975,1976,7900,100
1975,1976,8000,100
1975,1976,8100,100
1975,1976,8200,100
1975,1976,8300,100
1975,1976,8400,100
1975,1976,8500,100
1975,1976,8600,100
1975,1976,8700,100
1975,1976,8800,100
1975,1976,8900,100
1975,1976,9000,100
1975,1976,9100,100
1975,1976,9200,100
1975,1976,9300,100
1975,1976,9400,100
1975,1976,9500,100
1975,1976,9600,100
1975,1976,9700,100
1975,1976,9800,100
1975,1976,9900,100
1976,1977,0,100
1976,1977,100,100
1976,1977,200,100
1976,1977,300,100
1976,1977,400,100
1976,1977,500,100
1976,1977,600,100
1976,1977,700,100
1976,1977,800,100
1976,1977,900,100
1976,1977,1000,100
1976,1977,1100,100
1976,1977,1200,100
1976,1977,1300,100
1976,1977,1400,100
1976,1977,1500,100
1976,1977,1600,100
1976,1977,1700,100
1976,1977,1800,100
1976,1977,1900,100
1976,1977,2000,100
1976,1977,2100,100
1976,1977,2200,100
1976,1977,2300,100
1976,1977,2400,100
1976,1977,2500,100
1976,1977,2600,100
1976,1977,2700,100
1976,1977,2800,100
1976,1977,2900,100
1976,1977,3000,100
1976,1977,3100,100
1976,1977,3200,100
1976,1977,3300,100
1976,1977,3400,100
1976,1977,3500,100
1976,1977,3600,100
1976,1977,3700,100
1976,1977,3800,100
1976,1977,3900,100
1976,1977,4000,100
1976,1977,4100,100
1976,1977,4200,100
1976,1977,4300,100
1976,1977,4400,100
1976,1977,4500,100
1976,1977,4600,100
1976,1977,4700,100
1976,1977,4800,100
1976,1977,4900,100
1976,1977,5000,100
1976,1977,5100,100
1976,1977,5200,100
1976,1977,5300,100
1976,1977,5400,100
1976,1977,5500,100
1976,1977,5600,100
1976,1977,5700,100
1976,1977,5800,100
1976,1977,5900,100
1976,1977,6000,100
1976,1977,6100,100
1976,1977,6200,100
1976,1977,6300,100
1976,1977,6400,100
1976,1977,6500,100
1976,1977,6600,100
1976,1977,6700,100
1976,1977,6800,100
1976,1977,6900,100
1976,1977,7000,100
1976,1977,7100,100
1976,1977,7200,100
1976,1977,7300,100
1976,1977,7400,100
1976,1977,7500,100
1976,1977,7600,100
1976,1977,7700,100
1976,1977,7800,100
1976,1977,7900,100
1976,1977,8000,100
1976,1977,8100,100
1976,1977,8200,100
1976,1977,8300,100
1976,1977,8400,100
1976,1977,8500,100
1976,1977,8600,100
1976,1977,8700,100
1976,1977,8800,100
1976,1977,8900,100
1976,1977,9000,100
1976,1977,9100,100
1976,1977,9200,100
1976,1977,9300,100
1976,1977,9400,100
1976,1977,9500,100
1976,1977,9600,100
1976,1977,9700,100
1976,1977,9800,100
1976,1977,9900,100
1977,1978,0,100
1977,1978,100,100
1977,1978,200,100
1977,1978,300,100
1977,1978,400,100
1977,1978,500,100
1977,1978,600,100
1977,1978,700,100
1977,1978,800,100
1977,1978,900,100
1977,1978,1000,100
1977,1978,1100,100
1977,1978,1200,100
1977,1978,1300,100
1977,1978,1400,100
1977,1978,1500,100
1977,1978,1600,100
1977,1978,1700,100
1977,1978,1800,100
1977,1978,1900,100
1977,1978,2000,100
1977,1978,2100,100
1977,1978,2200,100
1977,1978,2300,100
1977,1978,2400,100
1977,1978,2500,100
1977,1978,2600,100
1977,1978,2700,100
1977,1978,2800,100
1977,1978,2900,100
1977,1978,3000,100
1977,1978,3100,100
1977,1978,3200,100
1977,1978,3300,100
1977,1978,3400,100
1977,1978,3500,100
1977,1978,3600,100
1977,1978,3700,100
1977,1978,3800,100
1977,1978,3900,100
1977,1978,4000,100
1977,1978,4100,100
1977,1978,4200,100
1977,1978,4300,100
1977,1978,4400,100
1977,1978,4500,100
1977,1978,4600,100
1977,1978,4700,100
1977,1978,4800,100
1977,1978,4900,100
1977,1978,5000,100
1977,1978,5100,100
1977,1978,5200,100
1977,1978,5300,100
1977,1978,5400,100
1977,1978,5500,100
1977,1978,5600,100
1977,1978,5700,100
1977,1978,5800,100
1977,1978,5900,100
1977,1978,6000,100
1977,1978,6100,100
1977,1978,6200,100
1977,1978,6300,100
1977,1978,6400,100
1977,1978,6500,100
1977,1978,6600,100
1977,1978,6700,100
1977,1978,6800,100
1977,1978,6900,100
1977,1978,7000,100
1977,1978,7100,100
1977,1978,7200,100
1977,1978,7300,100
1977,1978,7400,100
1977,1978,7500,100
1977,1978,7600,100
1977,1978,7700,100
1977,1978,7800,100
1977,1978,7900,100
1977,1978,8000,100
1977,1978,8100,100
1977,1978,8200,100
1977,1978,8300,100
1977,1978,8400,100
1977,1978,8500,100
1977,1978,8600,100
1977,1978,8700,100
1977,1978,8800,100
1977,1978,8900,100
1977,1978,9000,100
1977,1978,9100,100
1977,1978,9200,100
1977,1978,9300,100
1977,1978,9400,100
1977,1978,9500,100
1977,1978,9600,100
1977,1978,9700,37
1977,1978,9737,0
1978,1979,0,100
1978,1979,100,100
1978,1979,200,100
1978,1979,300,100
1978,1979,400,100
1978,1979,500,100
1978,1979,600,100
1978,1979,700,100
1978,1979,800,100
1978,1979,900,100
1978,1979,1000,100
1978,1979,1100,100
1978,1979,1200,100
1978,1979,1300,100
1978,1979,1400,100
1978,1979,1500,100
1978,1979,1600,100
1978,1979,1700,100
1978,1979,1800,100
1978,1979,1900,100
1978,1979,2000,100
1978,1979,2100,100
1978,1979,2200,100
1978,1979,2300,100
1978,1979,2400,100
1978,1979,2500,100
1978,1979,2600,100
1978,1979,2700,100
1978,1979,2800,100
1978,1979,2900,100
1978,1979,3000,100
1978,1979,3100,100
1978,1979,3200,100
1978,1979,3300,100
1978,1979,3400,100
1978,1979,3500,100
1978,1979,3600,100
1978,1979,3700,100
1978,1979,3800,100
1978,1979,3900,100
1978,1979,4000,100
1978,1979,4100,100
1978,1979,4200,100
1978,1979,4300,100
1978,1979,4400,100
1978,1979,4500,100
1978,1979,4600,100
1978,1979,4700,100
1978,1979,4800,100
1978,1979,4900,100
1978,1979,5000,100
1978,1979,5100,100
1978,1979,5200,100
1978,1979,5300,100
1978,1979,5400,100
1978,1979,5500,100
1978,1979,5600,100
1978,1979,5700,100
1978,1979,5800,100
1978,1979,5900,100
1978,1979,6000,100
1978,1979,6100,100
1978,1979,6200,100
1978,1979,6300,100
1978,1979,6400,100
1978,1979,6500,100
1978,1979,6600,100
1978,1979,6700,100
1978,1979,6800,100
1978,1979,6900,100
1978,1979,7000,100
1978,1979,7100,100
1978,1979,7200,100
1978,1979,7300,100
1978,1979,7400,100
1978,1979,7500,100
1978,1979,7600,100
1978,1979,7700,100
1978,1979,7800,100
1978,1979,7900,100
1978,1979,8000,100
1978,1979,8100,100
1978,1979,8200,100
1978,1979,8300,100
1978,1979,8400,100
1978,1979,8500,100
1978,1979,8600,100
1978,1979,8700,100
1978,1979,8800,100
1978,1979,8900,100
1978,1979,9000,100
1978,1979,9100,100
1978,1979,9200,100
1978,1979,9300,100
1978,1979,9400,100
1978,1979,9500,100
1978,1979,9600,44
1979,1980,0,100
1979,1980,100,100
1979,1980,200,100
1979,1980,300,100
1979,1980,400,100
1979,1980,500,100
1979,1980,600,100
1979,1980,700,100
1979,1980,800,100
1979,1980,900,100
1979,1980,1000,100
1979,1980,1100,100
1979,1980,1200,100
1979,1980,1300,100
1979,1980,1400,100
1979,1980,1500,100
1979,1980,1600,100
1979,1980,1700,100
1979,1980,1800,100
1979,1980,1900,100
1979,1980,2000,100
1979,1980,2100,100
1979,1980,2200,100
1979,1980,2300,100
1979,1980,2400,100
1979,1980,2500,100
1979,1980,2600,100
1979,1980,2700,100
1979,1980,2800,100
1979,1980,2900,100
1979,1980,3000,100
1979,1980,3100,100
1979,1980,3200,100
1979,1980,3300,100
1979,1980,3400,100
1979,1980,3500,100
1979,1980,3600,100
1979,1980,3700,100
1979,1980,3800,100
1979,1980,3900,100
1979,1980,4000,100
1979,1980,4100,100
1979,1980,4200,100
1979,1980,4300,100
1979,1980,4400,100
1979,1980,4500,100
1979,1980,4600,100
1979,1980,4700,100
1979,1980,4800,100
1979,1980,4900,100
1979,1980,5000,100
1979,1980,5100,100
1979,1980,5200,100
1979,1980,5300,100
1979,1980,5400,100
1979,1980,5500,100
1979,1980,5600,100
1979,1980,5700,100
1979,1980,5800,100
1979,1980,5900,100
1979,1980,6000,100
1979,1980,6100,100
1979,1980,6200,100
1979,1980,6300,100
1979,1980,6400,100
1979,1980,6500,100
1979,1980,6600,100
1979,1980,6700,100
1979,1980,6800,100
1979,1980,6900,100
1979,1980,7000,65
1980,1981,0,100
1980,1981,100,100
1980,1981,200,100
1980,1981,300,100
1980,1981,400,100
1980,1981,500,100
1980,1981,600,100
1980,1981,700,100
1980,1981,800,100
1980,1981,900,100
1980,1981,1000,100
1980,1981,1100,100
1980,1981,1200,100
1980,1981,1300,100
1980,1981,1400,100
1980,1981,1500,100
1980,1981,1600,100
1980,1981,1700,100
1980,1981,1800,100
1980,1981,1900,100
1980,1981,2000,100
1980,1981,2100,100
1980,1981,2200,100
1980,1981,2300,100
1980,1981,2400,100
1980,1981,2500,100
1980,1981,2600,100
1980,1981,2700,100
1980,1981,2800,100
1980,1981,2900,100
1980,1981,3000,100
1980,1981,3100,100
1980,1981,3200,100
1980,1981,3300,100
1980,1981,3400,100
1980,1981,3500,100
1980,1981,3600,100
1980,1981,3700,100
1980,1981,3800,100
1980,1981,3900,100
1980,1981,4000,100
1980,1981,4100,100
1980,1981,4200,100
1980,1981,4300,100
1980,1981,4400,100
1980,1981,4500,100
1980,1981,4600,100
1980,1981,4700,100
1980,1981,4800,100
1980,1981,4900,100
1980,1981,5000,100
1980,1981,5100,100
1980,1981,5200,100
1980,1981,5300,100
1980,1981,5400,100
1980,1981,5500,100
1980,1981,5600,100
1980,1981,5700,100
1980,1981,5800,100
1980,1981,5900,100
1980,1981,6000,100
1980,1981,6100,100
1980,1981,6200,100
1980,1981,6300,100
1980,1981,6400,100
1980,1981,6500,100
1980,1981,6600,100
1980,1981,6700,100
1980,1981,6800,100
1980,1981,6900,100
1980,1981,7000,100
1980,1981,7100,100
1980,1981,7200,100
1980,1981,7300,100
1980,1981,7400,100
1980,1981,7500,100
1980,1981,7600,100
1980,1981,7700,100
1980,1981,7800,100
1980,1981,7900,100
1980,1981,8000,100
1980,1981,8100,100
1980,1981,8200,100
1980,1981,8300,100
1980,1981,8400,100
1980,1981,8500,100
1980,1981,8600,100
1980,1981,8700,100
1980,1981,8800,100
1980,1981,8900,100
1980,1981,9000,100
1980,1981,9100,100
1980,1981,9200,100
1980,1981,9300,100
1980,1981,9400,100
1980,1981,9500,100
1980,1981,9600,100
1980,1981,9700,100
1980,1981,9800,100
1980,1981,9900,100
1981,1982,0,100
1981,1982,100,100
1981,1982,200,100
1981,1982,300,100
1981,1982,400,100
1981,1982,500,100
1981,1982,600,100
1981,1982,700,100
1981,1982,800,100
1981,1982,900,100
1981,1982,1000,100
1981,1982,1100,100
1981,1982,1200,100
1981,1982,1300,100
1981,1982,1400,100
1981,1982,1500,100
1981,1982,1600,100
1981,1982,1700,100
1981,1982,1800,100
1981,1982,1900,100
1981,1982,2000,100
1981,1982,2100,100
1981,1982,2200,100
1981,1982,2300,100
1981,1982,2400,100
1981,1982,2500,100
1981,1982,2600,100
1981,1982,2700,100
1981,1982,2800,100
1981,1982,2900,100
1981,1982,3000,100
1981,1982,3100,100
1981,1982,3200,100
1981,1982,3300,100
1981,1982,3400,100
1981,1982,3500,100
1981,1982,3600,100
1981,1982,3700,100
1981,1982,3800,100
1981,1982,3900,100
1981,1982,4000,100
1981,1982,4100,100
1981,1982,4200,100
1981,1982,4300,100
1981,1982,4400,100
1981,1982,4500,100
1981,1982,4600,100
1981,1982,4700,100
1981,1982,4800,100
1981,1982,4900,100
1981,1982,5000,100
1981,1982,5100,100
1981,1982,5200,100
1981,1982,5300,100
1981,1982,5400,100
1981,1982,5500,100
1981,1982,5600,100
1981,1982,5700,100
1981,1982,5800,100
1981,1982,5900,100
1981,1982,6000,100
1981,1982,6100,100
1981,1982,6200,100
1981,1982,6300,100
1981,1982,6400,100
1981,1982,6500,100
1981,1982,6600,100
1981,1982,6700,100
1981,1982,6800,100
1981,1982,6900,100
1981,1982,7000,100
1981,1982,7100,100
1981,1982,7200,100
1981,1982,7300,100
1981,1982,7400,100
1981,1982,7500,100
1981,1982,7600,100
1981,1982,7700,100
1981,1982,7800,100
1981,1982,7900,100
1981,1982,8000,100
1981,1982,8100,100
1981,1982,8200,100
1981,1982,8300,100
1981,1982,8400,100
1981,1982,8500,100
1981,1982,8600,100
1981,1982,8700,100
1981,1982,8800,100
1981,1982,8900,100
1981,1982,9000,100
1981,1982,9100,100
1981,1982,9200,100
1981,1982,9300,100
1981,1982,9400,100
1981,1982,9500,100
1981,1982,9600,100
1981,1982,9700,100
1981,1982,9800,100
1981,1982,9900,100
1982,1983,0,100
1982,1983,100,100
1982,1983,200,100
1982,1983,300,100
1982,1983,400,100
1982,1983,500,100
1982,1983,600,100
1982,1983,700,100
1982,1983,800,100
1982,1983,900,100
1982,1983,1000,100
1982,1983,1100,100
1982,1983,1200,100
1982,1983,1300,100
1982,1983,1400,100
1982,1983,1500,100
1982,1983,1600,100
1982,1983,1700,100
1982,1983,1800,100
1982,1983,1900,100
1982,1983,2000,100
1982,1983,2100,100
1982,1983,2200,100
1982,1983,2300,100
1982,1983,2400,100
1982,1983,2500,100
1982,1983,2600,100
1982,1983,2700,100
1982,1983,2800,100
1982,1983,2900,100
1982,1983,3000,100
1982,1983,3100,100
1982,1983,3200,100
1982,1983,3300,100
1982,1983,3400,100
1982,1983,3500,100
1982,1983,3600,100
1982,1983,3700,100
1982,1983,3800,100
1982,1983,3900,100
1982,1983,4000,100
1982,1983,4100,100
1982,1983,4200,100
1982,1983,4300,100
1982,1983,4400,100
1982,1983,4500,100
1982,1983,4600,100
1982,1983,4700,100
1982,1983,4800,100
1982,1983,4900,100
1982,1983,5000,100
1982,1983,5100,100
1982,1983,5200,100
1982,1983,5300,100
1982,1983,5400,100
1982,1983,5500,100
1982,1983,5600,100
1982,1983,5700,100
1982,1983,5800,100
1982,1983,5900,100
1982,1983,6000,100
1982,1983,6100,100
1982,1983,6200,100
1982,1983,6300,100
1982,1983,6400,100
1982,1983,6500,100
1982,1983,6600,100
1982,1983,6700,100
1982,1983,6800,100
1982,1983,6900,100
1982,1983,7000,100
1982,1983,7100,100
1982,1983,7200,100
1982,1983,7300,100
1982,1983,7400,100
1982,1983,7500,100
1982,1983,7600,100
1982,1983,7700,100
1982,1983,7800,100
1982,1983,7900,100
1982,1983,8000,100
1982,1983,8100,100
1982,1983,8200,100
1982,1983,8300,100
1982,1983,8400,100
1982,1983,8500,100
1982,1983,8600,100
1982,1983,8700,100
1982,1983,8800,100
1982,1983,8900,100
1982,1983,9000,100
1982,1983,9100,100
1982,1983,9200,100
1982,1983,9300,100
1982,1983,9400,100
1982,1983,9500,100
1982,1983,9600,100
1982,1983,9700,100
1982,1983,9800,100
1982,1983,9900,100
1983,1984,0,100
1983,1984,100,100
1983,1984,200,100
1983,1984,300,100
1983,1984,400,100
1983,1984,500,100
1983,1984,600,100
1983,1984,700,100
1983,1984,800,100
1983,1984,900,100
1983,1984,1000,100
1983,1984,1100,100
1983,1984,1200,100
